                             
-0.001269005415451519673541991295451225596
 0                                        
 0.005461210347819524246748557061437168159
 0                                        
-0.015803998711547057043347308535885531455
 0                                        
 0.037958339831715093293240670391242019832
 0                                        
-0.088487647850536726990000602199870627373
 0                                        
 0.31202716320718693054914183449000120163 
 0.5                                      
 0.31202716320718693054914183449000120163 
 0                                        
-0.088487647850536726990000602199870627373
 0                                        
 0.037958339831715093293240670391242019832
 0                                        
-0.015803998711547057043347308535885531455
 0                                        
 0.005461210347819524246748557061437168159
 0                                        
-0.001269005415451519673541991295451225596

                                         

