                              
 0.008165842692030862715046879429792170413
 0                                        
-0.054846035386787242438266787303291494027
 0                                        
 0.296730020829018892314365984930191189051
 0.5                                      
 0.296730020829018892314365984930191189051
 0                                        
-0.054846035386787242438266787303291494027
 0                                        
 0.008165842692030862715046879429792170413

                                         

